Gene	Estimate	SE	P.Wald	P.LRT	P.Score
1	TMEM97	-2.254	0.757	0.00291	0.00014	0.000352
2	POMT1	-0.64	0.2	0.00133	0.00105	0.00115
3	FAM171B	-2.387	1.06	0.0243	0.00281	0.00549
4	FCN3	-2.219	1.058	0.036	0.00654	0.0112
5	IGSF5	1.547	0.648	0.0169	0.00686	0.00901
6	WDR63	0.728	0.292	0.0125	0.0101	0.0107
7	CACNA1E	-0.752	0.301	0.0124	0.0104	0.011
8	CLTCL1	-0.417	0.169	0.0137	0.0111	0.0118
9	PGPEP1L	0.303	0.127	0.017	0.0164	0.0166
10	C1orf220	0.345	0.145	0.0175	0.0168	0.017
11	ZSCAN31	-1.97	1.074	0.0665	0.0237	0.0328
12	RTKN2	1.959	1.074	0.0682	0.0247	0.0343
13	C9orf43	-0.49	0.224	0.0289	0.0266	0.0274
14	FAM228B	-0.672	0.321	0.0362	0.0271	0.0298
15	MMP1	-1.014	0.489	0.0382	0.0285	0.0315
16	ZNF233	0.42	0.197	0.0333	0.0311	0.0317
17	IK	-0.816	0.403	0.0426	0.0362	0.0383
18	CHDC2	0.544	0.267	0.0414	0.0381	0.0392
19	PDE4DIP	-0.212	0.103	0.0393	0.0381	0.0385
20	GBP3	-0.734	0.367	0.0453	0.0397	0.0415
21	OR8U1	-1.86	1.086	0.0867	0.0399	0.0503
22	PDE5A	-1.861	1.088	0.0871	0.0404	0.0509
23	GSG1	-1.853	1.085	0.0878	0.0406	0.0512
24	TLX1NB	1.844	1.086	0.0896	0.042	0.053
25	IFNK	0.849	0.437	0.052	0.0437	0.0464
26	XIRP2	-1.826	1.086	0.0927	0.0442	0.0558
27	CTU2	-0.204	0.102	0.0449	0.0444	0.0446
28	GSTM4	-1.81	1.085	0.0952	0.0459	0.058
29	MROH5	-0.293	0.148	0.0476	0.0463	0.0467
30	TNFRSF10C	-1.803	1.084	0.0963	0.0466	0.0589
31	OR4A16	0.585	0.3	0.0512	0.0479	0.0489
32	SLC20A1	1.8	1.089	0.0982	0.0487	0.0614
33	PCK2	1.788	1.085	0.0994	0.0491	0.0621
34	CALML4	1.431	0.81	0.0772	0.0495	0.0576
35	PRSS48	-0.264	0.135	0.0515	0.0505	0.0508
36	CNTNAP3B	-1.787	1.091	0.101	0.0513	0.0647
37	CCDC150	-0.85	0.465	0.0675	0.0573	0.0607
38	CPN2	-0.248	0.132	0.0594	0.0584	0.0588
39	OR5B3	-0.68	0.369	0.0655	0.0593	0.0615
40	OR6C74	0.257	0.139	0.0633	0.0622	0.0625
41	SON	-0.467	0.297	0.116	0.0634	0.0758
42	WNK1	-0.887	0.5	0.0761	0.0645	0.0682
43	MYO1A	1.369	0.815	0.0932	0.0652	0.0721
44	NPPA	-0.316	0.174	0.069	0.0668	0.0676
45	MICA	-0.712	0.407	0.0801	0.0696	0.0731
46	ZNF77	0.549	0.308	0.0747	0.07	0.0714
47	SLC5A4	-0.919	0.6	0.125	0.0704	0.0852
48	GABPB1	-1.54	1.055	0.144	0.0718	0.0951
49	ADAM33	0.709	0.409	0.0832	0.0731	0.0761
50	GOT1L1	-1.134	0.68	0.0955	0.0735	0.0804
51	ZNF99	-0.427	0.244	0.0796	0.0758	0.0772
52	ULK4	1.684	1.103	0.127	0.0759	0.0883
53	C3orf35	0.663	0.382	0.0826	0.0766	0.0785
54	RIPK3	-1.676	1.103	0.128	0.0774	0.09
55	CDRT1	-1.683	1.107	0.129	0.0779	0.0908
56	CALHM2	-0.909	0.542	0.0938	0.0797	0.0841
57	AFP	-1.667	1.104	0.131	0.0798	0.0928
58	ZNF543	-1.657	1.102	0.133	0.0809	0.0941
59	OR6P1	-1.657	1.102	0.133	0.081	0.0943
60	C11orf40	-0.197	0.113	0.0831	0.0818	0.0822
61	PLA2G2C	-0.307	0.178	0.084	0.0823	0.0829
62	EPX	-1.096	0.677	0.106	0.0831	0.0905
63	PPP1R3A	1.644	1.101	0.135	0.0833	0.097
64	BTN3A2	-0.64	0.381	0.0931	0.0843	0.0874
65	LRRIQ3	0.839	0.504	0.0965	0.0848	0.0882
66	PZP	-1.634	1.101	0.138	0.0851	0.0991
67	ZNF720	0.22	0.128	0.0864	0.0854	0.0857
68	RPEL1	1.632	1.1	0.138	0.0855	0.0995
69	ADAM2	-1.632	1.101	0.138	0.0858	0.0999
70	ZC3H8	-1.629	1.1	0.139	0.086	0.1
71	RABEPK	1.665	1.118	0.137	0.0861	0.0999
72	TAS2R46	0.294	0.172	0.0874	0.0865	0.0867
73	TRBV20OR9-2	-1.269	0.81	0.117	0.0866	0.0959
74	OCM	1.628	1.102	0.14	0.0874	0.102
75	VWA7	0.535	0.318	0.0927	0.0875	0.0892
76	ASAH2	1.619	1.1	0.141	0.0882	0.103
77	DEFB128	-0.672	0.404	0.0961	0.0885	0.0911
78	RSPH10B2	-1.618	1.102	0.142	0.0892	0.104
79	SOSTDC1	1.617	1.101	0.142	0.0893	0.104
80	USP35	1.609	1.103	0.145	0.0916	0.107
81	OR52J3	-0.363	0.218	0.0961	0.0931	0.0941
82	MYOC	1.598	1.101	0.147	0.0932	0.109
83	TMEM209	1.594	1.101	0.148	0.0943	0.11
84	KCNMB3	-0.545	0.333	0.102	0.0954	0.0978
85	LILRA1	0.48	0.293	0.101	0.0958	0.0976
86	ZNF527	0.155	0.094	0.098	0.0964	0.0969
87	FCGR2A	0.309	0.188	0.0991	0.0968	0.0975
88	SLC25A2	0.834	0.519	0.108	0.0974	0.0999
89	OR8K3	-0.947	0.603	0.116	0.0986	0.104
90	OAS2	-0.206	0.125	0.0998	0.0988	0.0992
91	ORC4	-1.577	1.103	0.153	0.0992	0.115
92	OR2C1	-0.416	0.258	0.107	0.102	0.104
93	C12orf60	-0.288	0.178	0.106	0.104	0.105
94	OR2V2	-0.506	0.316	0.109	0.105	0.107
95	AKAP3	-0.154	0.096	0.108	0.106	0.106
96	MAGEE2	-0.577	0.364	0.113	0.106	0.108
97	RP11-487E13.1	0.322	0.201	0.108	0.106	0.107
98	ZNF595	0.562	0.354	0.112	0.107	0.109
99	TMPRSS11A	0.276	0.173	0.11	0.109	0.109
100	ABCB5	0.949	0.626	0.13	0.112	0.118
101	MTMR6	-0.405	0.257	0.115	0.112	0.113
102	SRA1	0.102	0.064	0.114	0.113	0.114
103	PNPLA1	-0.728	0.474	0.125	0.114	0.118
104	RP11-113D6.6	1.014	0.687	0.14	0.118	0.125
105	UPP2	-0.746	0.501	0.136	0.121	0.127
106	DEFB126	0.145	0.094	0.123	0.122	0.122
107	DNAH2	1.071	0.774	0.166	0.122	0.138
108	OR52H1	-1	0.685	0.144	0.122	0.129
109	C5orf27	-0.459	0.303	0.13	0.124	0.126
110	CXorf58	0.897	0.611	0.142	0.126	0.13
111	ABHD12B	0.803	0.549	0.144	0.129	0.134
112	MUC20	0.263	0.175	0.133	0.132	0.133
113	OR2D3	0.545	0.367	0.138	0.132	0.134
114	TRBV10-2	-1.5	1.126	0.183	0.135	0.146
115	GPRC6A	0.134	0.091	0.142	0.139	0.14
116	KIAA1407	0.744	0.527	0.158	0.139	0.145
117	ZNF559	1.498	1.136	0.187	0.14	0.153
118	CNTN5	0.269	0.183	0.141	0.141	0.141
119	RBM43	-1.471	1.124	0.191	0.142	0.155
120	TRAJ36	-0.563	0.412	0.171	0.142	0.151
121	OR2T4	0.189	0.13	0.146	0.145	0.145
122	C17orf80	-1.111	0.823	0.177	0.147	0.156
123	GBP5	1.452	1.125	0.197	0.148	0.161
124	KCTD18	-1.108	0.824	0.179	0.149	0.158
125	C10ORF68	0.406	0.284	0.153	0.15	0.151
126	C4orf50	-1.106	0.824	0.179	0.15	0.159
127	CEP164	-1.445	1.125	0.199	0.15	0.164
128	TMEM216	0.244	0.171	0.153	0.151	0.152
129	KRTAP29-1	0.239	0.168	0.154	0.153	0.153
130	TNNT3	1.095	0.823	0.183	0.153	0.163
131	MC1R	1.433	1.124	0.203	0.154	0.167
132	USP49	-0.835	0.61	0.171	0.155	0.16
133	CDC25A	1.422	1.123	0.206	0.157	0.171
134	LCN10	0.232	0.165	0.159	0.157	0.158
135	ADPRH	-1.415	1.124	0.208	0.159	0.173
136	TRIM58	1.409	1.122	0.209	0.16	0.174
137	CLEC4M	1.41	1.124	0.21	0.161	0.175
138	PSRC1	-1.072	0.925	0.247	0.162	0.186
139	RDH16	-0.62	0.453	0.171	0.162	0.166
140	MUC3A	-0.14	0.1	0.163	0.163	0.163
141	TEX15	1.397	1.122	0.213	0.164	0.179
142	YIPF1	-1.402	1.125	0.213	0.164	0.179
143	CCDC17	-1.394	1.122	0.214	0.165	0.179
144	HLA-B	-0.15	0.108	0.166	0.165	0.165
145	ZNF274	-0.296	0.217	0.173	0.166	0.168
146	OR13C2	0.231	0.167	0.168	0.167	0.167
147	OR8I2	0.182	0.133	0.169	0.167	0.168
148	POLR3C	-1.388	1.124	0.217	0.168	0.183
149	ATXN3	-0.737	0.557	0.186	0.173	0.177
150	ZSWIM8	-1.37	1.122	0.222	0.173	0.189
151	TIGD6	-0.186	0.137	0.175	0.174	0.174
152	C4orf47	-0.636	0.48	0.185	0.175	0.179
153	MMP10	0.604	0.454	0.184	0.176	0.178
154	P2RX7	1.364	1.123	0.225	0.176	0.191
155	LINC01100	0.917	0.709	0.196	0.177	0.183
156	TAAR9	-0.16	0.119	0.179	0.178	0.178
157	PTCHD3	0.107	0.08	0.18	0.179	0.179
158	ELOVL5	-0.739	0.58	0.202	0.18	0.187
159	ME1	-0.895	0.699	0.2	0.181	0.187
160	PRODH	0.429	0.323	0.184	0.181	0.182
161	USH2A	1.35	1.124	0.23	0.181	0.197
162	OR2T27	-0.627	0.481	0.193	0.183	0.187
163	RFX8	0.889	0.699	0.203	0.184	0.19
164	AC079612.1	0.273	0.207	0.187	0.185	0.186
165	MDP1	-0.412	0.314	0.19	0.185	0.187
166	TSPAN16	0.216	0.163	0.186	0.185	0.185
167	AC091801.1	-0.884	0.698	0.205	0.186	0.192
168	OR5M10	0.326	0.248	0.189	0.187	0.187
169	OR9K2	0.184	0.14	0.188	0.187	0.187
170	IGLV3-12	-0.19	0.144	0.189	0.188	0.188
171	TTC24	-0.532	0.411	0.195	0.189	0.191
172	CFHR2	-0.74	0.611	0.226	0.191	0.203
173	TXLNG	0.558	0.434	0.198	0.191	0.193
174	ANO7	-1.319	1.128	0.242	0.194	0.211
175	NEK3	0.175	0.135	0.195	0.194	0.195
176	RNASEL	1.046	0.851	0.219	0.194	0.2
177	ATG4C	0.707	0.561	0.208	0.195	0.199
178	HYKK	-0.864	0.698	0.216	0.196	0.203
179	DYX1C1	-0.296	0.231	0.2	0.197	0.198
180	TEX13B	0.857	0.698	0.22	0.2	0.207
181	ZNF571	-1.31	1.132	0.247	0.2	0.217
182	EIF5B	-0.852	0.701	0.224	0.205	0.212
183	PDCD1LG2	-1.302	1.136	0.252	0.205	0.223
184	PRR21	0.464	0.37	0.21	0.205	0.207
185	BTNL9	0.856	0.704	0.224	0.206	0.212
186	HOMEZ	0.538	0.435	0.216	0.209	0.211
187	OR4M2	0.606	0.491	0.217	0.209	0.211
188	PNLIPRP3	-0.383	0.307	0.212	0.209	0.21
189	TRIM31	0.842	0.699	0.228	0.209	0.216
190	ANXA9	0.444	0.361	0.218	0.21	0.213
191	GRIA1	-0.641	0.523	0.22	0.21	0.214
192	WDR27	-0.509	0.416	0.221	0.215	0.217
193	CD33	0.453	0.372	0.223	0.216	0.219
194	MOK	0.244	0.198	0.218	0.216	0.217
195	C9orf85	1.366	1.193	0.252	0.217	0.223
196	UBQLNL	1.336	1.178	0.257	0.22	0.226
197	OR52N4	-0.189	0.154	0.222	0.221	0.221
198	VSIG10L	0.177	0.146	0.224	0.222	0.222
199	DCDC2B	-0.626	0.534	0.241	0.224	0.23
200	AC079354.1	-0.815	0.7	0.244	0.225	0.233
201	IDI2	0.284	0.235	0.227	0.225	0.226
202	OR5M11	0.299	0.249	0.23	0.228	0.228
203	ECT2L	0.967	0.848	0.254	0.23	0.237
204	OR4C3	-0.962	0.843	0.254	0.23	0.237
205	KIAA0907	-0.511	0.433	0.238	0.231	0.234
206	LINC00955	-0.244	0.204	0.232	0.231	0.232
207	MKI67	0.395	0.333	0.235	0.231	0.232
208	METTL20	1.316	1.187	0.268	0.232	0.24
209	TPD52L3	0.567	0.485	0.242	0.234	0.237
210	ZFP91	0.572	0.488	0.242	0.234	0.236
211	CARD6	0.428	0.364	0.239	0.235	0.236
212	TRMT10B	0.954	0.844	0.259	0.235	0.242
213	HCFC1	0.715	0.621	0.25	0.236	0.24
214	DSC3	-0.356	0.311	0.251	0.237	0.242
215	OR1J1	-0.713	0.62	0.25	0.237	0.241
216	APOC3	-0.944	0.844	0.263	0.239	0.247
217	SERHL2	1.284	1.177	0.275	0.24	0.247
218	PDE11A	-0.936	0.846	0.268	0.245	0.252
219	SHC1	-0.931	0.843	0.269	0.245	0.253
220	CCHCR1	-0.156	0.134	0.247	0.246	0.246
221	DSCR8	0.644	0.567	0.256	0.246	0.249
222	ZNF229	-0.933	0.849	0.272	0.248	0.256
223	SLC26A10	0.698	0.623	0.263	0.249	0.254
224	MRO	-0.92	0.843	0.275	0.251	0.259
225	C14orf23	0.182	0.159	0.253	0.252	0.252
226	LAIR2	0.455	0.404	0.26	0.252	0.255
227	GSDMB	-0.151	0.132	0.254	0.253	0.253
228	ZNF100	-0.707	0.654	0.28	0.253	0.263
229	FAM71D	0.446	0.394	0.258	0.254	0.255
230	TIMM10B	1.242	1.174	0.29	0.254	0.262
231	ZNF124	-0.917	0.843	0.277	0.254	0.261
232	APOL4	0.12	0.105	0.256	0.255	0.255
233	MNS1	0.631	0.566	0.265	0.255	0.258
234	P2RX6	-0.919	0.847	0.278	0.255	0.263
235	PLEKHH1	-0.775	0.707	0.273	0.255	0.262
236	SH2B2	0.322	0.284	0.257	0.255	0.256
237	MAP2K3	-1.22	1.166	0.295	0.259	0.268
238	FMO9P	0.211	0.189	0.263	0.262	0.262
239	GCKR	0.907	0.848	0.285	0.262	0.27
240	BCAP29	1.236	1.188	0.298	0.264	0.273
241	EFCAB13	0.112	0.1	0.264	0.264	0.264
242	OR4C5	0.172	0.159	0.28	0.265	0.271
243	CYP2D6	0.399	0.362	0.27	0.266	0.267
244	BRCA2	0.574	0.527	0.276	0.268	0.27
245	ZNF852	-0.467	0.44	0.289	0.268	0.273
246	GUF1	-1.218	1.19	0.306	0.272	0.282
247	C5orf42	-1.185	1.163	0.308	0.273	0.282
248	EXO5	0.498	0.461	0.28	0.273	0.276
249	ABCC11	-0.458	0.424	0.281	0.274	0.276
250	ANO5	-1.183	1.164	0.31	0.274	0.283
251	PSG7	0.182	0.166	0.275	0.274	0.274
252	PABPC3	1.183	1.167	0.31	0.275	0.284
253	CCDC103	1.18	1.165	0.311	0.276	0.285
254	EPSTI1	-0.525	0.494	0.289	0.276	0.281
255	BTNL2	0.29	0.269	0.28	0.277	0.278
256	WDR66	-1.183	1.17	0.312	0.277	0.287
257	ACOT8	1.178	1.169	0.314	0.278	0.288
258	CCDC148	1.172	1.162	0.313	0.278	0.287
259	WDR41	-0.145	0.134	0.278	0.278	0.278
260	CROT	1.17	1.162	0.314	0.279	0.288
261	FKBP7	-1.169	1.162	0.315	0.279	0.289
262	LRRC55	-1.166	1.163	0.316	0.28	0.29
263	PRKDC	-0.124	0.115	0.281	0.28	0.281
264	KRT76	0.598	0.566	0.291	0.281	0.285
265	CARD10	1.161	1.162	0.318	0.282	0.292
266	GJA10	0.746	0.716	0.297	0.283	0.287
267	GOLGA6L2	-0.613	0.607	0.312	0.284	0.294
268	SERGEF	1.15	1.159	0.321	0.285	0.295
269	SFTPB	1.156	1.163	0.32	0.285	0.295
270	FAM187B	-0.132	0.124	0.288	0.287	0.288
271	GC	0.495	0.47	0.292	0.287	0.288
272	MCU	-1.149	1.161	0.322	0.287	0.297
273	ZNF80	-0.159	0.15	0.288	0.287	0.288
274	CCDC108	-1.146	1.16	0.323	0.288	0.298
275	FGGY	-1.146	1.16	0.323	0.288	0.298
276	MICALCL	1.144	1.159	0.324	0.288	0.298
277	CNTLN	1.145	1.161	0.324	0.289	0.299
278	ST20	-1.154	1.168	0.323	0.289	0.299
279	TTLL6	-0.393	0.376	0.296	0.289	0.291
280	CAPN9	1.147	1.165	0.325	0.29	0.3
281	PTPN7	-1.144	1.162	0.325	0.29	0.3
282	SPZ1	1.146	1.164	0.325	0.29	0.3
283	ZNF716	-1.142	1.16	0.325	0.29	0.3
284	CAPN8	0.134	0.128	0.292	0.291	0.291
285	ZNF506	1.137	1.16	0.327	0.291	0.302
286	IFLTD1	1.141	1.165	0.327	0.292	0.302
287	MROH2A	0.243	0.231	0.294	0.292	0.292
288	USP29	0.148	0.141	0.293	0.292	0.292
289	MSR1	0.545	0.526	0.301	0.293	0.295
290	IL3RA	-0.849	0.847	0.316	0.294	0.303
291	PRSS55	-0.358	0.343	0.297	0.294	0.295
292	TMTC1	1.13	1.159	0.33	0.294	0.305
293	HYAL4	1.129	1.16	0.33	0.295	0.306
294	NUDT13	1.133	1.164	0.33	0.295	0.306
295	ESPNP	1.13	1.162	0.331	0.296	0.307
296	PSG8	-0.26	0.251	0.299	0.296	0.298
297	GPRC5D	1.125	1.159	0.332	0.297	0.307
298	PSMB11	-1.124	1.159	0.332	0.297	0.308
299	TIGD4	-1.124	1.161	0.333	0.298	0.309
300	VPS13A	-0.727	0.719	0.312	0.298	0.302
301	ZACN	0.175	0.168	0.299	0.298	0.299
302	C10orf113	0.182	0.175	0.3	0.299	0.299
303	DPYD	-1.121	1.16	0.334	0.299	0.31
304	ERCC2	1.12	1.162	0.335	0.3	0.311
305	NPHP3	-1.12	1.163	0.335	0.301	0.311
306	ZNF556	-0.721	0.717	0.315	0.301	0.305
307	ATM	0.718	0.716	0.316	0.302	0.307
308	PMS2P5	0.36	0.352	0.306	0.302	0.303
309	CLYBL	-0.395	0.387	0.307	0.303	0.305
310	FSIP1	1.111	1.162	0.339	0.304	0.315
311	DUOX1	1.111	1.163	0.34	0.305	0.316
312	GRAMD1C	-1.103	1.16	0.342	0.307	0.319
313	OR52A1	-0.152	0.149	0.309	0.308	0.309
314	OR2W3	0.196	0.193	0.31	0.309	0.309
315	PNKP	-1.098	1.16	0.344	0.309	0.321
316	SCRN3	-0.145	0.143	0.31	0.309	0.31
317	CACNA1G	1.097	1.16	0.344	0.31	0.321
318	ANKK1	1.095	1.161	0.346	0.311	0.322
319	CHP2	-1.092	1.162	0.347	0.313	0.324
320	RHBDD3	-0.701	0.716	0.327	0.313	0.318
321	ZNF845	-1.09	1.16	0.347	0.313	0.324
322	DNAH7	-0.698	0.714	0.328	0.314	0.319
323	UMODL1	-0.702	0.717	0.328	0.314	0.319
324	BPIFB3	1.115	1.186	0.347	0.315	0.326
325	C2orf53	1.087	1.161	0.349	0.315	0.326
326	HHIPL2	0.921	1.027	0.37	0.316	0.33
327	STK32C	-0.697	0.714	0.329	0.316	0.32
328	AKR7L	-0.35	0.353	0.321	0.317	0.319
329	FAM122C	-0.517	0.525	0.325	0.317	0.32
330	LIMCH1	-1.085	1.163	0.351	0.317	0.328
331	NEDD4	1.08	1.159	0.351	0.317	0.329
332	CYP3A5	-0.692	0.714	0.332	0.319	0.323
333	DCAKD	-0.695	0.717	0.332	0.319	0.324
334	TTC40	-1.077	1.16	0.353	0.319	0.33
335	GAL3ST2	-1.076	1.16	0.354	0.32	0.332
336	IGSF22	-1.082	1.166	0.353	0.32	0.332
337	OR4Q2	0.131	0.132	0.32	0.32	0.32
338	KCNJ12	1.076	1.162	0.354	0.321	0.332
339	TRAV19	0.206	0.208	0.323	0.321	0.322
340	KAT2A	-0.519	0.547	0.342	0.323	0.33
341	LRP1	1.07	1.161	0.357	0.324	0.335
342	GPRC5A	1.062	1.163	0.361	0.328	0.34
343	IGLV4-60	-0.132	0.136	0.331	0.33	0.33
344	TGFBR2	0.683	0.72	0.343	0.33	0.334
345	OR5K2	-0.165	0.17	0.331	0.331	0.331
346	SPATA31E1	-1.054	1.161	0.364	0.331	0.343
347	ITM2B	-1.046	1.162	0.368	0.335	0.347
348	ZNF101	-0.334	0.352	0.342	0.339	0.34
349	AFG3L1P	0.292	0.307	0.342	0.34	0.341
350	COL7A1	-1.043	1.17	0.373	0.341	0.353
351	PBOV1	0.234	0.247	0.344	0.342	0.343
352	TMC3	-0.367	0.391	0.348	0.345	0.346
353	DZIP3	1.026	1.164	0.378	0.346	0.358
354	ENDOV	0.326	0.347	0.348	0.346	0.346
355	ZNF354B	0.8	0.881	0.364	0.349	0.352
356	CENPBD1	0.582	0.635	0.359	0.35	0.353
357	SIGLEC1	-0.583	0.635	0.359	0.35	0.353
358	C1orf177	0.58	0.634	0.361	0.351	0.354
359	ACOT4	0.074	0.08	0.354	0.354	0.354
360	RP11-794P6.2	-0.183	0.198	0.355	0.354	0.355
361	KRT31	-0.338	0.368	0.359	0.355	0.356
362	C1orf105	0.246	0.268	0.358	0.356	0.357
363	ZAN	-0.249	0.271	0.358	0.356	0.357
364	GPR151	0.573	0.635	0.367	0.357	0.36
365	SMAP1	0.293	0.321	0.361	0.359	0.359
366	TRAV35	0.251	0.275	0.361	0.359	0.36
367	FMO6P	0.114	0.125	0.361	0.361	0.361
368	FAM111A	0.567	0.638	0.374	0.365	0.368
369	FAM179A	-0.564	0.635	0.374	0.365	0.368
370	AL133373.1	-0.77	0.879	0.381	0.366	0.37
371	CREB3L1	-0.099	0.11	0.367	0.366	0.366
372	OR5B12	-0.564	0.636	0.375	0.366	0.369
373	STK11IP	-0.157	0.175	0.368	0.367	0.367
374	CUL9	0.764	0.876	0.383	0.368	0.372
375	AC114783.1	-0.203	0.227	0.37	0.369	0.37
376	APLF	0.516	0.582	0.375	0.369	0.371
377	CLEC7A	-0.223	0.25	0.372	0.371	0.372
378	CELA1	-0.133	0.15	0.375	0.374	0.374
379	DUXA	-0.755	0.875	0.388	0.374	0.378
380	CCDC125	-0.474	0.541	0.381	0.376	0.377
381	ERV3-1	0.183	0.209	0.383	0.382	0.382
382	PPP2R5A	0.742	0.878	0.398	0.384	0.388
383	CLCA3P	-0.191	0.22	0.386	0.385	0.385
384	EFCAB3	-0.737	0.874	0.399	0.385	0.389
385	GPRIN1	-0.065	0.075	0.386	0.385	0.386
386	OR11G2	-0.13	0.15	0.386	0.385	0.385
387	MUC7	-0.15	0.174	0.387	0.386	0.386
388	AMPD1	0.187	0.217	0.388	0.387	0.387
389	OAS3	-0.384	0.449	0.392	0.388	0.389
390	EGFL8	0.729	0.872	0.403	0.389	0.393
391	P2RX5	0.119	0.138	0.389	0.389	0.389
392	STARD9	-0.733	0.877	0.403	0.389	0.393
393	CCAR1	0.296	0.346	0.392	0.39	0.391
394	KLK14	-0.487	0.579	0.4	0.394	0.396
395	TRBV30	0.139	0.163	0.394	0.394	0.394
396	ZSWIM1	0.628	0.75	0.402	0.394	0.396
397	IL17RB	0.202	0.238	0.396	0.395	0.395
398	NUDT7	0.722	0.874	0.409	0.395	0.4
399	PRAMEF2	0.279	0.33	0.398	0.396	0.396
400	ABCF1	-0.088	0.104	0.398	0.397	0.397
401	C3orf72	-0.451	0.537	0.402	0.397	0.398
402	C2orf91	-0.125	0.149	0.4	0.399	0.4
403	MOGAT1	-0.483	0.581	0.406	0.4	0.402
404	PLA2R1	-0.963	1.21	0.426	0.4	0.413
405	COL23A1	0.446	0.537	0.406	0.401	0.403
406	NCR3LG1	-0.253	0.302	0.403	0.401	0.402
407	EBLN2	0.15	0.18	0.405	0.403	0.404
408	C6orf229	0.279	0.337	0.408	0.405	0.406
409	CARS2	0.708	0.875	0.418	0.405	0.409
410	C2orf76	-0.705	0.873	0.42	0.406	0.411
411	GBP4	0.7	0.874	0.423	0.409	0.414
412	KANK4	-0.699	0.872	0.423	0.409	0.414
413	OR4L1	0.122	0.148	0.411	0.41	0.41
414	ZNF563	0.697	0.872	0.424	0.411	0.416
415	ACSM3	0.697	0.875	0.426	0.412	0.417
416	ZNF480	-0.118	0.144	0.414	0.413	0.413
417	DAPP1	0.441	0.56	0.431	0.414	0.419
418	HLA-A	0.691	0.872	0.428	0.415	0.419
419	RAD52	0.342	0.422	0.418	0.416	0.417
420	SLC41A3	-0.124	0.152	0.416	0.416	0.416
421	ZNF516	-0.075	0.092	0.417	0.417	0.417
422	CYP2F1	0.149	0.184	0.419	0.418	0.418
423	IFIH1	-0.329	0.41	0.423	0.418	0.419
424	THSD7B	-0.509	0.641	0.427	0.419	0.422
425	GALNT9	0.162	0.203	0.426	0.425	0.425
426	KHDC1	-0.187	0.235	0.426	0.425	0.426
427	PTH2R	-0.455	0.58	0.432	0.427	0.429
428	FOLR3	-0.219	0.277	0.43	0.428	0.429
429	KRT24	-0.101	0.127	0.428	0.428	0.428
430	CCNYL2	0.115	0.147	0.432	0.431	0.431
431	DHFRL1	-0.669	0.873	0.443	0.431	0.435
432	BEST3	0.26	0.333	0.434	0.432	0.433
433	DRD4	-0.42	0.546	0.441	0.433	0.436
434	CEACAM21	0.125	0.161	0.436	0.435	0.435
435	IGHV3-43	0.449	0.582	0.44	0.435	0.437
436	CCR5	0.169	0.217	0.436	0.436	0.436
437	C5orf45	-0.66	0.872	0.449	0.437	0.442
438	IGHJ6	0.118	0.152	0.438	0.437	0.437
439	PIWIL3	-0.659	0.872	0.45	0.437	0.442
440	SYTL2	-0.659	0.873	0.451	0.438	0.443
441	ASMTL	0.157	0.204	0.442	0.442	0.442
442	NUDT17	-0.129	0.169	0.444	0.442	0.443
443	TMPRSS3	-0.189	0.247	0.443	0.442	0.442
444	C15orf48	-0.556	0.74	0.452	0.445	0.447
445	CWH43	0.558	0.742	0.453	0.445	0.447
446	TCTEX1D1	-0.156	0.204	0.446	0.445	0.445
447	NDUFV3	0.186	0.244	0.447	0.446	0.446
448	AGXT	0.652	0.88	0.459	0.447	0.452
449	APOL3	0.924	1.255	0.461	0.447	0.448
450	TMEM59	0.92	1.253	0.463	0.448	0.449
451	LIPJ	-0.648	0.879	0.461	0.449	0.453
452	CHRFAM7A	0.121	0.16	0.451	0.45	0.45
453	C7orf55-LUC7L2	0.146	0.195	0.452	0.452	0.452
454	CAST	0.091	0.12	0.452	0.452	0.452
455	KRTAP19-6	-0.105	0.139	0.452	0.452	0.452
456	PGC	-0.092	0.123	0.454	0.454	0.454
457	TLR5	-0.223	0.299	0.455	0.454	0.455
458	CSRP2BP	0.215	0.288	0.456	0.455	0.455
459	HS1BP3	0.118	0.159	0.46	0.459	0.459
460	CXCR1	0.539	0.74	0.467	0.46	0.462
461	STARD6	0.28	0.381	0.462	0.461	0.461
462	PLA2G4C	0.367	0.503	0.465	0.462	0.463
463	NCAPH2	-0.134	0.184	0.464	0.463	0.463
464	PAPD7	0.27	0.37	0.465	0.464	0.464
465	ZBED6CL	0.881	1.243	0.479	0.464	0.466
466	CAPG	0.53	0.738	0.473	0.466	0.468
467	LPL	-0.15	0.206	0.466	0.466	0.466
468	CPNE1	-0.147	0.203	0.469	0.468	0.468
469	DBF4B	-0.622	0.881	0.48	0.468	0.473
470	IL33	-0.527	0.738	0.476	0.469	0.471
471	CHEK2	0.523	0.738	0.478	0.471	0.474
472	DHDH	-0.094	0.131	0.473	0.472	0.472
473	H2BFM	-0.094	0.131	0.472	0.472	0.472
474	PDE6B	-0.211	0.296	0.476	0.475	0.475
475	GJE1	0.46	0.655	0.483	0.478	0.479
476	HHLA2	0.857	1.248	0.492	0.478	0.481
477	TAAR2	-0.307	0.435	0.48	0.478	0.479
478	OLFM4	0.458	0.655	0.484	0.48	0.481
479	C12orf80	-0.606	0.881	0.492	0.481	0.486
480	GP6	-0.334	0.477	0.484	0.481	0.482
481	PRTFDC1	-0.512	0.738	0.488	0.481	0.483
482	SLC26A5	0.511	0.738	0.488	0.482	0.484
483	JSRP1	-0.51	0.738	0.49	0.483	0.485
484	TBC1D31	-0.454	0.656	0.489	0.484	0.485
485	RGS11	-0.509	0.739	0.491	0.485	0.487
486	MIER3	-0.347	0.502	0.49	0.486	0.488
487	SLC22A10	-0.084	0.121	0.487	0.486	0.487
488	RP11-542P2.1	0.328	0.476	0.491	0.488	0.489
489	ASPSCR1	0.827	1.235	0.503	0.489	0.492
490	C14orf105	0.285	0.416	0.492	0.491	0.491
491	DIXDC1	-0.309	0.457	0.499	0.491	0.493
492	FBXW8	-0.444	0.655	0.498	0.494	0.495
493	LGALS12	0.818	1.234	0.507	0.494	0.496
494	SLC6A18	-0.086	0.126	0.494	0.494	0.494
495	MESP2	0.496	0.739	0.502	0.495	0.498
496	LIN37	0.084	0.125	0.498	0.497	0.498
497	OR51F1	-0.105	0.155	0.497	0.497	0.497
498	PRB4	0.493	0.738	0.504	0.497	0.5
499	RP11-114H24.2	-0.178	0.262	0.498	0.497	0.497
500	TNK1	-0.17	0.252	0.499	0.498	0.498
501	USP45	-0.24	0.356	0.501	0.498	0.499
502	CLHC1	0.437	0.653	0.504	0.499	0.501
503	PTGER3	-0.811	1.237	0.512	0.499	0.501
504	A3GALT2	0.279	0.416	0.502	0.501	0.501
505	OR4C16	-0.099	0.146	0.501	0.501	0.501
506	ZNF729	-0.832	1.275	0.514	0.501	0.504
507	TRIM40	-0.49	0.74	0.508	0.502	0.504
508	CTA-992D9.6	0.227	0.34	0.504	0.503	0.503
509	GPR33	0.801	1.234	0.516	0.503	0.506
510	LIPM	0.431	0.653	0.509	0.504	0.506
511	PSG6	0.802	1.238	0.517	0.504	0.507
512	TMEM78	-0.264	0.396	0.506	0.504	0.505
513	OR1S1	-0.101	0.152	0.506	0.506	0.506
514	TRPM1	0.196	0.294	0.507	0.506	0.506
515	ZNF648	0.798	1.237	0.519	0.506	0.509
516	TEKT1	0.791	1.233	0.521	0.508	0.511
517	GRP	0.204	0.311	0.512	0.51	0.511
518	TCHP	0.788	1.233	0.523	0.51	0.513
519	C12orf73	0.785	1.232	0.524	0.511	0.514
520	BNIP1	0.478	0.739	0.518	0.512	0.515
521	BPIFA2	0.781	1.234	0.527	0.514	0.517
522	A2ML1	0.174	0.268	0.515	0.515	0.515
523	CLEC4C	0.778	1.237	0.529	0.517	0.52
524	PGM1	-0.347	0.541	0.521	0.517	0.519
525	TRIT1	-0.774	1.232	0.53	0.517	0.52
526	POLR3F	0.774	1.237	0.532	0.519	0.522
527	CD163L1	0.771	1.235	0.532	0.52	0.523
528	FAM198B	0.77	1.234	0.533	0.52	0.523
529	ANKAR	0.772	1.239	0.533	0.521	0.524
530	C3orf79	-0.267	0.421	0.525	0.523	0.524
531	HLA-G	0.412	0.654	0.529	0.524	0.526
532	LY75-CD302	0.76	1.23	0.537	0.524	0.528
533	MST1	-0.302	0.476	0.526	0.524	0.525
534	SPINK5	-0.414	0.655	0.528	0.524	0.525
535	AGL	-0.761	1.236	0.538	0.526	0.529
536	HEATR5A	0.756	1.23	0.539	0.526	0.53
537	C11orf21	-0.299	0.477	0.53	0.527	0.528
538	MYO7A	0.757	1.234	0.54	0.527	0.53
539	PPP1R42	0.753	1.232	0.541	0.528	0.532
540	C8B	0.753	1.233	0.541	0.529	0.532
541	KLHL33	-0.753	1.232	0.541	0.529	0.532
542	USP40	0.752	1.231	0.541	0.529	0.532
543	ADCK2	-0.751	1.232	0.543	0.53	0.534
544	CAPN11	-0.212	0.339	0.531	0.53	0.531
545	ZNF443	0.068	0.109	0.53	0.53	0.53
546	DCD	0.75	1.233	0.543	0.531	0.534
547	DNAH12	-0.751	1.235	0.543	0.531	0.534
548	FLG2	-0.115	0.185	0.533	0.532	0.533
549	OR4C11	-0.103	0.165	0.532	0.532	0.532
550	ZSCAN9	0.184	0.295	0.533	0.532	0.532
551	FAM71A	0.745	1.234	0.546	0.534	0.537
552	ITSN1	-0.745	1.234	0.546	0.534	0.538
553	SCN7A	0.369	0.597	0.537	0.534	0.535
554	C19orf80	0.744	1.236	0.547	0.535	0.539
555	FAM57B	0.741	1.232	0.547	0.535	0.539
556	OR52L1	0.741	1.233	0.548	0.536	0.539
557	TRMT2A	0.365	0.595	0.539	0.536	0.537
558	OR5M1	0.097	0.157	0.537	0.537	0.537
559	SPAG16	-0.737	1.23	0.549	0.537	0.541
560	BRIP1	0.739	1.234	0.549	0.538	0.541
561	ERAP1	-0.734	1.234	0.552	0.54	0.544
562	KIAA0586	-0.731	1.231	0.552	0.54	0.544
563	NUDT6	-0.73	1.229	0.552	0.54	0.544
564	PLD2	-0.732	1.229	0.552	0.54	0.543
565	SMARCB1	-0.733	1.231	0.552	0.54	0.543
566	TMC7	-0.733	1.231	0.552	0.54	0.543
567	HMCN2	0.263	0.433	0.543	0.541	0.542
568	ACAD11	0.361	0.596	0.546	0.543	0.544
569	ACTRT1	-0.726	1.23	0.555	0.543	0.547
570	CCDC39	-0.445	0.743	0.549	0.543	0.546
571	DEFA6	-0.726	1.229	0.555	0.543	0.546
572	FASTKD1	-0.241	0.399	0.545	0.543	0.544
573	GS1-259H13.2	0.727	1.23	0.554	0.543	0.546
574	ZNF529	-0.726	1.23	0.555	0.543	0.547
575	KRT36	-0.725	1.23	0.556	0.544	0.547
576	LAMB4	-0.393	0.654	0.548	0.544	0.546
577	MPO	-0.359	0.595	0.547	0.544	0.545
578	OTOP1	0.724	1.229	0.556	0.544	0.547
579	C17orf107	0.724	1.231	0.557	0.545	0.549
580	OR13A1	-0.216	0.358	0.547	0.545	0.546
581	CCRL2	-0.723	1.233	0.557	0.546	0.549
582	ZC2HC1C	-0.721	1.23	0.558	0.546	0.55
583	NBPF20	-0.719	1.231	0.559	0.547	0.551
584	ENTHD1	-0.389	0.653	0.552	0.548	0.549
585	CNGB3	-0.715	1.23	0.561	0.549	0.553
586	OXA1L	-0.716	1.231	0.561	0.549	0.553
587	UGT2B10	0.091	0.153	0.55	0.549	0.549
588	ANKRD36	-0.719	1.238	0.562	0.55	0.554
589	C1orf141	0.387	0.654	0.554	0.55	0.551
590	NRIP2	0.714	1.231	0.562	0.55	0.554
591	OR10C1	-0.714	1.228	0.561	0.55	0.553
592	ZNF596	0.714	1.229	0.561	0.55	0.553
593	ARHGAP40	-0.712	1.229	0.562	0.551	0.554
594	CYP4B1	-0.106	0.178	0.551	0.551	0.551
595	OVCH1	-0.713	1.231	0.563	0.551	0.555
596	SCGB1D1	-0.712	1.23	0.563	0.551	0.555
597	SPATS2	-0.713	1.23	0.562	0.551	0.554
598	RP11-187E13.2	0.711	1.231	0.564	0.552	0.556
599	CCDC18	0.709	1.229	0.564	0.553	0.556
600	GAB4	-0.081	0.136	0.553	0.553	0.553
601	CLDN16	-0.09	0.151	0.554	0.554	0.554
602	FAM160A1	0.706	1.229	0.565	0.554	0.558
603	PPP2R1B	0.709	1.232	0.565	0.554	0.557
604	PDIA2	-0.234	0.399	0.558	0.555	0.556
605	C11orf94	-0.703	1.229	0.567	0.556	0.559
606	CPA4	-0.705	1.234	0.567	0.556	0.56
607	KIAA1919	0.302	0.514	0.557	0.556	0.556
608	MEOX2	-0.174	0.298	0.56	0.557	0.558
609	SYDE2	0.702	1.23	0.568	0.557	0.56
610	SLCO1B3	0.701	1.231	0.569	0.558	0.561
611	ALS2CR11	-0.699	1.231	0.57	0.559	0.563
612	DGKD	0.7	1.232	0.57	0.559	0.562
613	RRP8	-0.699	1.23	0.57	0.559	0.563
614	CCDC73	0.694	1.23	0.572	0.561	0.565
615	RETNLB	-0.095	0.164	0.561	0.561	0.561
616	TRAPPC11	-0.695	1.231	0.572	0.561	0.565
617	UNC93A	0.119	0.206	0.562	0.561	0.561
618	MFSD1	0.693	1.23	0.573	0.562	0.566
619	SPG7	-0.692	1.229	0.573	0.562	0.566
620	ZFAND4	-0.693	1.23	0.573	0.562	0.566
621	ADAM32	0.691	1.229	0.574	0.563	0.567
622	CCDC141	-0.692	1.234	0.575	0.564	0.568
623	CENPF	0.692	1.233	0.574	0.564	0.567
624	ADAM20	-0.687	1.228	0.576	0.565	0.569
625	MYBPC2	0.691	1.234	0.576	0.565	0.569
626	PXMP2	-0.691	1.235	0.576	0.565	0.569
627	TGM6	0.689	1.231	0.576	0.565	0.568
628	ZFAND1	0.691	1.235	0.576	0.565	0.569
629	ABTB1	0.686	1.229	0.577	0.566	0.57
630	CTBP2	-0.686	1.23	0.577	0.566	0.57
631	DNAH8	0.686	1.229	0.577	0.566	0.569
632	FAM83A	0.538	0.948	0.57	0.566	0.566
633	SPATA4	-0.118	0.206	0.566	0.566	0.566
634	ASB15	0.215	0.375	0.567	0.567	0.567
635	CARD8	-0.158	0.277	0.567	0.567	0.567
636	COL15A1	-0.686	1.233	0.578	0.567	0.571
637	SLC22A11	0.688	1.236	0.578	0.567	0.571
638	ZNF841	0.686	1.232	0.577	0.567	0.57
639	C1orf185	-0.686	1.234	0.579	0.568	0.572
640	DNASE1	0.682	1.23	0.579	0.568	0.572
641	MCHR2	0.682	1.229	0.579	0.568	0.572
642	NPHP4	0.06	0.105	0.568	0.568	0.568
643	CRHR2	-0.68	1.23	0.58	0.569	0.573
644	ZNF343	-0.681	1.231	0.58	0.569	0.573
645	PDE3B	-0.682	1.234	0.581	0.57	0.574
646	ZBP1	-0.206	0.363	0.571	0.57	0.57
647	FAM111B	-0.234	0.414	0.572	0.571	0.571
648	HTRA4	-0.679	1.231	0.581	0.571	0.574
649	C3orf52	0.677	1.231	0.582	0.572	0.576
650	COL6A6	-0.677	1.231	0.583	0.572	0.576
651	LAMC3	0.677	1.232	0.583	0.572	0.576
652	ALDH1A2	0.106	0.188	0.573	0.573	0.573
653	IMPG2	-0.673	1.229	0.584	0.573	0.577
654	ZNF599	0.273	0.486	0.574	0.573	0.573
655	IGFLR1	0.673	1.23	0.584	0.574	0.578
656	C1orf94	-0.672	1.234	0.586	0.576	0.58
657	CASP4	-0.671	1.233	0.586	0.576	0.58
658	BBS10	0.667	1.229	0.587	0.577	0.58
659	C1orf101	0.668	1.231	0.588	0.577	0.581
660	MYOF	0.674	1.242	0.587	0.577	0.581
661	C6	-0.665	1.23	0.589	0.578	0.582
662	ENO4	0.666	1.23	0.589	0.578	0.582
663	SP100	-0.666	1.233	0.589	0.578	0.582
664	ANKRD35	0.665	1.232	0.589	0.579	0.583
665	OR4P4	-0.097	0.175	0.579	0.579	0.579
666	OR51E1	0.663	1.23	0.59	0.579	0.583
667	STK31	-0.666	1.233	0.589	0.579	0.583
668	ANKRD30A	-0.327	0.595	0.582	0.58	0.581
669	EXO1	-0.667	1.236	0.59	0.58	0.583
670	LRRC9	0.139	0.253	0.581	0.58	0.58
671	OR2T11	0.662	1.23	0.59	0.58	0.584
672	TRAV2	-0.662	1.234	0.591	0.581	0.585
673	ZNF626	0.66	1.231	0.592	0.581	0.585
674	ABCA9	-0.66	1.23	0.592	0.582	0.586
675	CSF2RB	-0.663	1.239	0.592	0.582	0.586
676	ZNF44	-0.659	1.23	0.592	0.582	0.586
677	DNAH11	-0.662	1.237	0.593	0.583	0.586
678	ENTPD8	0.657	1.232	0.594	0.583	0.587
679	BPIFB4	-0.656	1.232	0.594	0.584	0.588
680	C10orf53	-0.657	1.232	0.594	0.584	0.588
681	TPPP2	0.507	0.937	0.588	0.584	0.585
682	VRK2	0.655	1.23	0.594	0.584	0.588
683	AP1G2	-0.655	1.232	0.595	0.585	0.589
684	DUOXA2	0.655	1.231	0.595	0.585	0.589
685	GARS	0.502	0.929	0.589	0.585	0.586
686	DUOX2	0.654	1.233	0.596	0.586	0.59
687	MMP21	-0.651	1.23	0.596	0.586	0.59
688	CBLC	-0.662	1.251	0.597	0.587	0.591
689	OVCH2	0.066	0.121	0.587	0.587	0.587
690	PPP1R12C	0.663	1.251	0.596	0.587	0.591
691	STK33	0.115	0.212	0.587	0.587	0.587
692	FAM26F	-0.65	1.233	0.598	0.588	0.592
693	LRRC70	-0.65	1.233	0.598	0.588	0.592
694	MFSD6L	-0.65	1.233	0.598	0.588	0.592
695	NUDT9	0.649	1.23	0.598	0.588	0.592
696	UBE2W	0.178	0.33	0.59	0.589	0.589
697	MMP19	-0.646	1.232	0.6	0.59	0.594
698	ZCCHC4	0.646	1.231	0.6	0.59	0.594
699	BFSP1	-0.645	1.233	0.601	0.591	0.595
700	C6orf123	0.654	1.249	0.601	0.591	0.595
701	NAT1	-0.644	1.23	0.601	0.591	0.595
702	RBM26	0.295	0.552	0.593	0.591	0.591
703	MAGEB16	0.071	0.132	0.592	0.592	0.592
704	WDR3	0.642	1.232	0.602	0.592	0.596
705	OR51T1	-0.292	0.549	0.595	0.593	0.594
706	TANC1	-0.64	1.232	0.603	0.593	0.597
707	ENPEP	-0.274	0.518	0.597	0.594	0.595
708	IGHV6-1	0.65	1.25	0.603	0.594	0.597
709	ABCC6	0.637	1.232	0.605	0.595	0.599
710	CCDC168	-0.638	1.232	0.604	0.595	0.599
711	FCRL3	0.484	0.921	0.599	0.595	0.596
712	PKHD1L1	-0.161	0.304	0.597	0.596	0.596
713	WRN	-0.638	1.235	0.605	0.596	0.6
714	BCLAF1	0.634	1.231	0.607	0.597	0.601
715	MCTP2	-0.635	1.235	0.607	0.598	0.602
716	TRIM60	0.631	1.232	0.609	0.599	0.603
717	CLECL1	-0.067	0.128	0.6	0.6	0.6
718	CYP3A43	-0.164	0.314	0.601	0.6	0.601
719	EPB41L4A	0.092	0.175	0.6	0.6	0.6
720	FIGNL1	0.629	1.232	0.61	0.6	0.604
721	LAMB2	0.652	1.274	0.609	0.6	0.604
722	OR51I1	-0.235	0.449	0.601	0.6	0.6
723	OR10Q1	-0.633	1.242	0.61	0.601	0.605
724	TRAV26-2	0.628	1.233	0.611	0.601	0.605
725	HORMAD2	0.627	1.236	0.612	0.602	0.606
726	ZNF117	-0.129	0.248	0.603	0.602	0.602
727	HSPB3	0.625	1.233	0.612	0.603	0.607
728	LTBP4	-0.056	0.108	0.603	0.603	0.603
729	OVCH1-AS1	-0.623	1.232	0.613	0.603	0.608
730	KRT83	-0.284	0.551	0.606	0.604	0.605
731	OR51G1	0.285	0.551	0.605	0.604	0.604
732	KDM2B	0.472	0.923	0.609	0.605	0.606
733	ACOX2	0.617	1.232	0.617	0.607	0.611
734	ZNF812	-0.117	0.228	0.608	0.607	0.607
735	APIP	-0.616	1.232	0.617	0.608	0.612
736	RP11-1396O13.13	-0.067	0.132	0.609	0.608	0.609
737	BST1	-0.091	0.178	0.609	0.609	0.609
738	GSTA5	-0.617	1.237	0.618	0.609	0.613
739	CAPN14	0.467	0.924	0.614	0.61	0.611
740	SULT1C3	0.247	0.485	0.611	0.61	0.61
741	ZNF846	-0.613	1.233	0.619	0.61	0.614
742	HLA-DPB1	-0.069	0.136	0.611	0.611	0.611
743	HSD17B2	0.626	1.261	0.62	0.611	0.615
744	SPATA8	-0.102	0.2	0.612	0.612	0.612
745	DCHS2	-0.129	0.255	0.613	0.613	0.613
746	TEX26	-0.066	0.13	0.613	0.613	0.613
747	BLK	-0.607	1.235	0.623	0.614	0.618
748	ZNF154	-0.246	0.488	0.615	0.614	0.614
749	LOXL3	-0.458	0.921	0.619	0.615	0.616
750	CACNB2	-0.607	1.245	0.626	0.617	0.621
751	OR2H1	0.618	1.269	0.627	0.618	0.622
752	ZNF844	-0.295	0.595	0.62	0.618	0.619
753	ABCC1	0.452	0.92	0.623	0.619	0.62
754	LAMA2	-0.6	1.236	0.628	0.619	0.623
755	MICB	0.622	1.284	0.628	0.62	0.623
756	RP11-160N1.10	0.135	0.273	0.62	0.62	0.62
757	RPL3L	0.451	0.92	0.624	0.62	0.621
758	CBWD3	0.071	0.145	0.621	0.621	0.621
759	ZNF486	-0.595	1.233	0.629	0.621	0.625
760	DNAI1	-0.449	0.92	0.625	0.622	0.622
761	PTTG2	-0.291	0.596	0.625	0.623	0.624
762	TTLL3	-0.145	0.295	0.623	0.623	0.623
763	PPEF2	-0.592	1.24	0.633	0.624	0.628
764	AGBL1	-0.444	0.919	0.629	0.625	0.626
765	AMZ2	-0.589	1.236	0.634	0.625	0.629
766	C4orf27	-0.453	0.962	0.638	0.625	0.628
767	LILRA3	-0.234	0.485	0.629	0.625	0.627
768	ARGFX	0.443	0.918	0.629	0.626	0.627
769	CASP12	-0.033	0.068	0.627	0.626	0.627
770	SDR42E1	-0.091	0.187	0.626	0.626	0.626
771	UBXN11	-0.386	0.797	0.628	0.626	0.627
772	ATP13A5	0.163	0.335	0.628	0.627	0.628
773	FAM47E-STBD1	-0.585	1.236	0.636	0.627	0.631
774	SHPK	-0.585	1.235	0.636	0.627	0.631
775	MPRIP	0.125	0.258	0.629	0.629	0.629
776	DHRS4L2	0.144	0.299	0.63	0.63	0.63
777	DOCK6	0.438	0.919	0.634	0.63	0.631
778	TPTE	0.13	0.27	0.632	0.632	0.632
779	DAPL1	-0.436	0.923	0.637	0.633	0.634
780	SFXN3	-0.433	0.92	0.638	0.634	0.635
781	C6orf203	0.431	0.92	0.639	0.636	0.637
782	CARF	-0.432	0.921	0.639	0.636	0.637
783	OR2A7	-0.43	0.921	0.64	0.637	0.638
784	SPTBN5	0.217	0.461	0.638	0.637	0.637
785	GPLD1	-0.428	0.92	0.642	0.638	0.64
786	HELB	0.197	0.421	0.64	0.639	0.639
787	NOP2	0.427	0.919	0.642	0.639	0.64
788	SIX1	-0.103	0.22	0.64	0.639	0.639
789	ZIM3	0.196	0.421	0.641	0.64	0.641
790	ABCC2	-0.425	0.921	0.644	0.641	0.642
791	CNTRL	-0.424	0.919	0.644	0.641	0.642
792	SARM1	-0.046	0.099	0.641	0.641	0.641
793	KIAA0408	-0.562	1.242	0.651	0.643	0.647
794	ZNF474	0.154	0.333	0.643	0.643	0.643
795	DNAJB7	-0.325	0.707	0.646	0.645	0.645
796	MYEF2	-0.419	0.919	0.648	0.645	0.646
797	NACA2	-0.083	0.181	0.645	0.645	0.645
798	IDO2	0.076	0.166	0.646	0.646	0.646
799	MPEG1	-0.561	1.249	0.654	0.646	0.65
800	FRG1B	-0.177	0.387	0.647	0.647	0.647
801	SIGLEC12	-0.067	0.147	0.647	0.647	0.647
802	FAM166A	-0.415	0.921	0.652	0.649	0.65
803	KRTAP4-7	-0.414	0.921	0.653	0.65	0.651
804	LTK	-0.412	0.919	0.654	0.651	0.652
805	RNF32	0.176	0.392	0.653	0.652	0.652
806	CAB39	0.411	0.923	0.656	0.653	0.654
807	CCDC178	-0.408	0.918	0.657	0.654	0.655
808	P2RY4	0.408	0.918	0.657	0.654	0.655
809	TLCD2	0.408	0.921	0.658	0.655	0.656
810	C9	0.405	0.919	0.659	0.656	0.657
811	FOLH1B	-0.122	0.275	0.657	0.656	0.657
812	TRGC1	0.405	0.918	0.659	0.656	0.657
813	SMAD5	0.202	0.461	0.661	0.658	0.659
814	PRDM2	-0.201	0.459	0.661	0.659	0.66
815	PTPN4	-0.402	0.919	0.662	0.659	0.66
816	AGMO	0.4	0.919	0.664	0.66	0.662
817	LRRC69	0.201	0.461	0.663	0.661	0.662
818	HMGXB4	-0.159	0.364	0.663	0.662	0.663
819	PSG9	-0.116	0.266	0.662	0.662	0.662
820	RAPGEF3	-0.396	0.919	0.667	0.663	0.665
821	SNAPC1	0.397	0.922	0.666	0.663	0.664
822	VWDE	0.051	0.118	0.663	0.663	0.663
823	BTN3A3	-0.527	1.242	0.671	0.664	0.668
824	PGBD4	0.396	0.92	0.667	0.664	0.665
825	UPB1	-0.395	0.919	0.667	0.664	0.665
826	HMMR	-0.534	1.259	0.672	0.665	0.669
827	SDSL	0.335	0.776	0.666	0.665	0.665
828	TSC2	0.395	0.919	0.668	0.665	0.666
829	LSAMP	-0.21	0.486	0.667	0.666	0.666
830	MYH15	0.393	0.918	0.669	0.666	0.667
831	C9orf152	0.18	0.421	0.668	0.668	0.668
832	PARP14	0.391	0.921	0.671	0.668	0.669
833	PCDHGA10	0.391	0.919	0.671	0.668	0.669
834	PIGN	-0.09	0.211	0.668	0.668	0.668
835	SLC22A24	0.061	0.141	0.668	0.668	0.668
836	TTN	0.329	0.772	0.67	0.668	0.668
837	CCNI2	-0.519	1.243	0.676	0.669	0.673
838	IFNA5	-0.39	0.92	0.672	0.669	0.67
839	OR1B1	0.059	0.138	0.669	0.669	0.669
840	SHROOM4	-0.237	0.558	0.671	0.67	0.671
841	NPC2	-0.327	0.773	0.672	0.671	0.671
842	FAM221A	0.387	0.922	0.675	0.672	0.673
843	OR8B3	-0.129	0.306	0.673	0.672	0.672
844	OR13C5	-0.086	0.203	0.673	0.673	0.673
845	CRYBA4	0.324	0.775	0.676	0.674	0.675
846	SLC13A1	-0.381	0.921	0.679	0.676	0.677
847	MADD	0.119	0.288	0.678	0.678	0.678
848	SULT1C4	-0.379	0.92	0.681	0.678	0.679
849	VIT	0.378	0.92	0.681	0.678	0.679
850	RP11-195E2.1	-0.18	0.438	0.681	0.679	0.679
851	TBC1D29	0.104	0.253	0.679	0.679	0.679
852	CEP78	0.375	0.92	0.684	0.681	0.682
853	SPNS3	0.315	0.771	0.683	0.681	0.681
854	COL6A5	-0.05	0.123	0.682	0.682	0.682
855	KIAA0141	-0.316	0.782	0.686	0.682	0.683
856	AL136531.1	0.371	0.921	0.687	0.684	0.686
857	BORA	0.277	0.683	0.685	0.684	0.684
858	APOBEC1	0.311	0.772	0.687	0.685	0.686
859	IGHV3-48	-0.031	0.077	0.685	0.685	0.685
860	ITGAD	-0.371	0.922	0.687	0.685	0.686
861	TRIM38	0.369	0.919	0.688	0.685	0.686
862	C1orf116	-0.308	0.771	0.69	0.688	0.689
863	FAM154B	-0.308	0.771	0.69	0.688	0.689
864	UBE2NL	0.056	0.14	0.689	0.689	0.689
865	GUCA1C	0.055	0.138	0.69	0.69	0.69
866	SLC4A3	0.246	0.618	0.69	0.69	0.69
867	GP1BA	-0.363	0.922	0.694	0.691	0.692
868	IGSF10	0.27	0.685	0.693	0.691	0.691
869	COL26A1	0.055	0.14	0.692	0.692	0.692
870	MLNR	0.362	0.922	0.695	0.692	0.694
871	LPA	-0.137	0.349	0.695	0.694	0.694
872	PCDHB13	-0.358	0.919	0.697	0.694	0.696
873	ATP8B3	0.117	0.298	0.696	0.695	0.695
874	ITIH5	0.267	0.685	0.697	0.695	0.695
875	OR7G3	-0.118	0.301	0.696	0.695	0.696
876	IFNA17	0.131	0.34	0.7	0.7	0.7
877	C7orf50	-0.236	0.617	0.702	0.701	0.701
878	ARID4A	-0.292	0.77	0.704	0.703	0.703
879	PRPS1L1	-0.144	0.378	0.703	0.703	0.703
880	ALDH1B1	0.293	0.775	0.705	0.704	0.705
881	OR6Q1	-0.063	0.166	0.704	0.704	0.704
882	POLQ	0.292	0.772	0.706	0.704	0.705
883	MICU2	0.29	0.77	0.706	0.705	0.706
884	OR10X1	0.048	0.127	0.705	0.705	0.705
885	USP15	-0.148	0.391	0.705	0.705	0.705
886	CHMP4C	-0.125	0.332	0.707	0.706	0.707
887	GRK4	0.388	1.058	0.714	0.707	0.711
888	OR51B5	-0.117	0.313	0.708	0.708	0.708
889	DNAJC28	0.058	0.155	0.709	0.709	0.709
890	SLC22A14	0.152	0.408	0.709	0.709	0.709
891	C1orf189	-0.251	0.678	0.711	0.71	0.71
892	SCAPER	0.052	0.142	0.712	0.711	0.711
893	OR5H15	0.185	0.503	0.713	0.712	0.712
894	PIK3R6	-0.147	0.4	0.713	0.712	0.713
895	SERPINA12	-0.283	0.772	0.714	0.713	0.713
896	CGNL1	0.248	0.678	0.715	0.714	0.714
897	HLA-DQB1	0.047	0.127	0.714	0.714	0.714
898	IGFN1	-0.334	0.921	0.716	0.714	0.715
899	SLC3A1	0.081	0.223	0.715	0.715	0.715
900	C2	0.28	0.774	0.717	0.716	0.716
901	GNLY	-0.279	0.77	0.717	0.716	0.716
902	CD200R1L	0.048	0.133	0.717	0.717	0.717
903	PPIG	-0.07	0.192	0.717	0.717	0.717
904	FAM71E1	0.278	0.781	0.722	0.718	0.72
905	NQO1	0.357	1.024	0.727	0.721	0.724
906	RP11-362K2.2	-0.241	0.678	0.722	0.721	0.721
907	ZNF544	-0.244	0.692	0.725	0.724	0.724
908	ZNF660	-0.239	0.679	0.725	0.724	0.724
909	ARMS2	0.061	0.175	0.726	0.726	0.726
910	FMO2	-0.107	0.307	0.729	0.729	0.729
911	SLTM	-0.117	0.338	0.729	0.729	0.729
912	LGALS8	-0.12	0.349	0.73	0.73	0.73
913	RP11-486A14.2	0.046	0.135	0.731	0.731	0.731
914	MAGEC1	0.232	0.684	0.734	0.732	0.733
915	DOLK	-0.193	0.568	0.733	0.733	0.733
916	XRCC4	0.078	0.231	0.734	0.734	0.734
917	IGLV2-11	0.11	0.325	0.735	0.735	0.735
918	SLC22A25	0.178	0.528	0.736	0.735	0.735
919	ACADL	0.227	0.68	0.738	0.737	0.738
920	C1orf127	0.111	0.33	0.737	0.737	0.737
921	EFCAB5	-0.12	0.356	0.737	0.737	0.737
922	SLFNL1	0.258	0.772	0.738	0.737	0.737
923	PNPLA7	0.226	0.678	0.739	0.738	0.738
924	TRBV3-1	0.022	0.066	0.739	0.739	0.739
925	LAD1	0.204	0.614	0.74	0.74	0.74
926	HIBCH	-0.043	0.13	0.741	0.741	0.741
927	KRTAP10-1	-0.022	0.067	0.743	0.743	0.743
928	WDR87	-0.251	0.771	0.744	0.743	0.744
929	RBKS	0.2	0.616	0.746	0.745	0.746
930	LOXHD1	-0.122	0.382	0.75	0.749	0.75
931	ZNF528	-0.246	0.772	0.75	0.749	0.75
932	FAM90A1	-0.158	0.502	0.754	0.753	0.753
933	PRIM2	0.191	0.607	0.753	0.753	0.753
934	OR4D6	0.178	0.57	0.755	0.754	0.754
935	OR8G1	0.041	0.131	0.754	0.754	0.754
936	DIRC3	0.063	0.2	0.755	0.755	0.755
937	MS4A12	0.042	0.133	0.755	0.755	0.755
938	G2E3	-0.108	0.349	0.756	0.756	0.756
939	ZMYM5	-0.237	0.772	0.759	0.758	0.759
940	DNAJC11	-0.074	0.242	0.759	0.759	0.759
941	EFCAB6	-0.188	0.613	0.76	0.759	0.759
942	ZNF419	0.042	0.136	0.759	0.759	0.759
943	SIX3	-0.207	0.681	0.761	0.76	0.76
944	C2orf57	0.253	0.848	0.765	0.763	0.764
945	CCL26	-0.185	0.615	0.764	0.763	0.763
946	MRGPRX3	0.068	0.226	0.764	0.764	0.764
947	MLKL	0.203	0.68	0.765	0.765	0.765
948	TRAV26-1	-0.075	0.255	0.768	0.768	0.768
949	ACIN1	0.11	0.373	0.769	0.769	0.769
950	DNAH14	0.061	0.208	0.77	0.77	0.77
951	PRSS57	0.198	0.683	0.772	0.771	0.771
952	NLRP13	-0.141	0.497	0.776	0.776	0.776
953	KNOP1	-0.218	0.774	0.779	0.778	0.778
954	OR10AD1	0.044	0.156	0.78	0.78	0.78
955	OR5AR1	0.036	0.129	0.78	0.78	0.78
956	TMPRSS4	0.037	0.134	0.78	0.78	0.78
957	ZNF880	0.036	0.129	0.78	0.78	0.78
958	MS4A14	-0.035	0.126	0.784	0.784	0.784
959	HLA-V	-0.185	0.683	0.786	0.786	0.786
960	PPIC	-0.166	0.615	0.787	0.786	0.786
961	TMEM177	-0.167	0.614	0.786	0.786	0.786
962	CES5A	-0.056	0.209	0.788	0.788	0.788
963	TSPO2	0.103	0.383	0.789	0.788	0.788
964	MMP8	0.124	0.469	0.791	0.791	0.791
965	HTR3D	0.034	0.13	0.792	0.792	0.792
966	CCDC66	-0.159	0.614	0.796	0.795	0.795
967	DSC2	0.137	0.528	0.796	0.795	0.795
968	GDPD4	-0.035	0.134	0.797	0.797	0.797
969	METTL8	0.073	0.282	0.797	0.797	0.797
970	ZNF813	0.158	0.615	0.798	0.797	0.798
971	ECHDC3	0.276	1.074	0.797	0.798	0.797
972	FCRL6	-0.05	0.197	0.8	0.8	0.8
973	FAM101B	0.368	1.464	0.801	0.802	0.801
974	CCT6B	0.117	0.472	0.804	0.803	0.804
975	FAM186A	-0.168	0.682	0.806	0.805	0.805
976	OR2M3	0.129	0.528	0.806	0.806	0.806
977	YME1L1	-0.191	0.799	0.811	0.811	0.811
978	IGLV3-16	0.028	0.117	0.812	0.812	0.812
979	C22orf15	0.346	1.458	0.813	0.813	0.812
980	OR2J1	-0.032	0.135	0.813	0.813	0.813
981	OTOR	0.075	0.323	0.816	0.816	0.816
982	CDKL2	-0.14	0.616	0.821	0.82	0.82
983	C17orf77	-0.037	0.163	0.822	0.822	0.822
984	GJB2	-0.138	0.616	0.822	0.822	0.822
985	MICAL2	-0.111	0.495	0.822	0.822	0.822
986	ACSM4	0.069	0.314	0.826	0.826	0.826
987	KRTAP13-2	0.027	0.123	0.827	0.827	0.827
988	SERPINA10	-0.115	0.528	0.827	0.827	0.827
989	PIK3C2G	-0.097	0.447	0.828	0.828	0.828
990	RFPL1	-0.04	0.185	0.829	0.829	0.829
991	HNRNPA1L2	-0.097	0.466	0.836	0.836	0.836
992	SYNE2	-0.051	0.25	0.838	0.837	0.838
993	ABI3BP	0.037	0.183	0.838	0.838	0.838
994	C2orf83	-0.028	0.139	0.839	0.839	0.839
995	PXDNL	-0.09	0.446	0.839	0.839	0.839
996	OR11H7	0.026	0.13	0.842	0.842	0.842
997	PRAMEF12	0.082	0.412	0.842	0.842	0.842
998	NLRP8	0.028	0.144	0.846	0.846	0.846
999	OR52B4	-0.027	0.14	0.847	0.847	0.847
1000	ABCA10	0.021	0.107	0.848	0.848	0.848
1001	C12orf44	0.06	0.313	0.849	0.849	0.849
1002	KRTAP4-8	0.065	0.343	0.849	0.849	0.849
1003	A2M	0.044	0.233	0.851	0.851	0.851
1004	OR2B11	0.023	0.122	0.853	0.853	0.853
1005	AGXT2	-0.084	0.47	0.858	0.857	0.858
1006	OR2T12	0.038	0.21	0.857	0.857	0.857
1007	PKD1L2	-0.018	0.103	0.859	0.859	0.859
1008	SLC5A9	0.034	0.194	0.86	0.86	0.86
1009	PP13004	-0.027	0.158	0.862	0.862	0.862
1010	ZNF429	-0.072	0.412	0.862	0.862	0.862
1011	OR10D3	0.022	0.126	0.864	0.864	0.864
1012	AKR1E2	-0.033	0.194	0.865	0.865	0.865
1013	CCDC57	-0.025	0.154	0.869	0.869	0.869
1014	MYCT1	0.066	0.4	0.87	0.869	0.869
1015	NIPAL2	0.022	0.132	0.869	0.869	0.869
1016	BDP1	0.237	1.442	0.869	0.87	0.869
1017	ABCB7	-0.085	0.528	0.872	0.872	0.872
1018	CDCP2	-0.019	0.117	0.873	0.873	0.873
1019	OR10J1	0.029	0.185	0.874	0.874	0.874
1020	PLSCR1	0.22	1.437	0.878	0.878	0.878
1021	REXO1L1P	0.156	1.017	0.878	0.878	0.878
1022	ZNF615	0.22	1.437	0.878	0.878	0.878
1023	REM2	0.152	1.016	0.881	0.881	0.881
1024	HTR3E	-0.035	0.241	0.883	0.883	0.883
1025	F11	0.211	1.45	0.884	0.884	0.884
1026	ZNF681	-0.024	0.168	0.885	0.885	0.885
1027	DDIT4L	-0.032	0.226	0.886	0.886	0.886
1028	BRCA1	0.202	1.435	0.888	0.888	0.888
1029	FLG	0.048	0.342	0.888	0.888	0.888
1030	C5orf20	-0.018	0.127	0.889	0.889	0.889
1031	ARSH	0.195	1.431	0.891	0.891	0.891
1032	IGLV3-22	-0.011	0.078	0.892	0.892	0.892
1033	MTBP	0.19	1.443	0.895	0.895	0.895
1034	MROH2B	0.021	0.159	0.897	0.897	0.897
1035	MUC19	-0.011	0.081	0.897	0.897	0.897
1036	ETFB	0.043	0.339	0.9	0.9	0.9
1037	WWTR1	-0.033	0.266	0.9	0.9	0.9
1038	IL12RB1	-0.02	0.163	0.902	0.902	0.902
1039	ZNF442	0.177	1.446	0.902	0.902	0.902
1040	FAM81B	-0.039	0.318	0.903	0.903	0.903
1041	FHOD3	-0.038	0.31	0.903	0.903	0.903
1042	PCDHGA8	0.03	0.247	0.904	0.904	0.904
1043	ZNF860	0.078	0.644	0.904	0.904	0.904
1044	TYW1B	-0.018	0.155	0.906	0.906	0.906
1045	ERCC8	0.169	1.452	0.907	0.907	0.907
1046	GPR32	0.084	0.717	0.907	0.907	0.907
1047	ZXDA	0.167	1.434	0.907	0.907	0.907
1048	OR51I2	0.015	0.135	0.91	0.91	0.91
1049	GLT6D1	-0.018	0.162	0.911	0.911	0.911
1050	TUBB1	0.16	1.456	0.912	0.912	0.912
1051	UGT2A1	0.04	0.358	0.912	0.912	0.912
1052	KCNH2	0.111	1.015	0.913	0.913	0.913
1053	TCEAL6	-0.018	0.167	0.913	0.913	0.913
1054	NEK1	0.155	1.436	0.914	0.914	0.914
1055	SLAMF8	0.155	1.443	0.915	0.915	0.915
1056	SLFN12L	-0.025	0.23	0.915	0.915	0.915
1057	AGAP6	0.015	0.14	0.916	0.916	0.916
1058	GJB4	0.034	0.324	0.916	0.916	0.916
1059	ZNF75D	0.087	0.84	0.917	0.917	0.917
1060	CMAHP	0.146	1.441	0.919	0.919	0.919
1061	DEFB132	0.103	1.013	0.919	0.919	0.919
1062	NIM1K	0.145	1.428	0.919	0.919	0.919
1063	CCNL2	0.033	0.324	0.92	0.92	0.92
1064	C8orf44	0.059	0.592	0.921	0.921	0.921
1065	TRRAP	0.143	1.444	0.921	0.921	0.921
1066	ANXA3	0.137	1.426	0.923	0.923	0.923
1067	CAMSAP1	0.05	0.512	0.923	0.923	0.922
1068	SULT1C2	-0.143	1.493	0.923	0.923	0.923
1069	GPR98	-0.133	1.425	0.925	0.925	0.925
1070	C7orf33	0.032	0.348	0.927	0.927	0.927
1071	CCDC7	0.019	0.207	0.927	0.927	0.927
1072	MAGEC3	0.125	1.425	0.93	0.93	0.93
1073	CEBPZ	-0.123	1.425	0.931	0.931	0.931
1074	CRYBA2	0.123	1.427	0.931	0.931	0.931
1075	ZSWIM2	0.124	1.428	0.931	0.931	0.931
1076	FETUB	0.123	1.434	0.932	0.932	0.932
1077	CNKSR1	-0.026	0.305	0.933	0.933	0.933
1078	NXPE2	0.119	1.424	0.933	0.933	0.933
1079	C2CD2	-0.125	1.508	0.934	0.934	0.934
1080	HRCT1	-0.124	1.489	0.934	0.934	0.933
1081	KIAA1841	-0.018	0.224	0.934	0.934	0.934
1082	PYGL	0.011	0.136	0.934	0.934	0.934
1083	SKOR1	-0.083	1.012	0.934	0.934	0.934
1084	ZNF534	0.084	1.014	0.934	0.934	0.934
1085	CCDC153	0.114	1.423	0.936	0.936	0.936
1086	NDUFAF2	0.114	1.431	0.936	0.936	0.936
1087	PEBP4	0.012	0.15	0.936	0.936	0.936
1088	ZNF594	0.112	1.425	0.937	0.937	0.937
1089	NOC2L	0.109	1.431	0.939	0.939	0.939
1090	PASK	0.109	1.427	0.939	0.939	0.939
1091	TRIM77	0.063	0.829	0.939	0.939	0.939
1092	TRPM2	0.079	1.021	0.939	0.939	0.939
1093	LIMK1	-0.108	1.424	0.94	0.94	0.94
1094	NLRP9	0.108	1.43	0.94	0.94	0.94
1095	SPHK1	0.107	1.426	0.94	0.94	0.94
1096	UTP14C	0.076	1.01	0.94	0.94	0.94
1097	OR52I2	0.075	1.01	0.941	0.941	0.941
1098	AC004381.6	0.105	1.43	0.942	0.942	0.942
1099	DHRS9	0.103	1.42	0.942	0.942	0.942
1100	LMBRD1	0.099	1.425	0.944	0.944	0.944
1101	RRP15	0.045	0.643	0.944	0.944	0.944
1102	TRDJ4	0.1	1.425	0.944	0.944	0.944
1103	ANXA5	0.098	1.425	0.945	0.945	0.945
1104	CCDC146	0.099	1.428	0.945	0.945	0.945
1105	CHIT1	-0.07	1.012	0.945	0.945	0.945
1106	PLA2G3	0.098	1.425	0.945	0.945	0.945
1107	TMC2	-0.05	0.718	0.945	0.945	0.945
1108	ECD	-0.096	1.423	0.946	0.946	0.946
1109	OR2A1	-0.097	1.423	0.946	0.946	0.946
1110	RASEF	0.097	1.421	0.946	0.946	0.946
1111	SIGLEC5	0.068	1.012	0.946	0.946	0.946
1112	TMCO4	-0.068	1.008	0.946	0.946	0.946
1113	UGT1A10	0.097	1.424	0.946	0.946	0.946
1114	GCSAML	-0.017	0.251	0.947	0.947	0.947
1115	MPZL2	0.089	1.426	0.95	0.95	0.95
1116	RIMS1	0.089	1.424	0.95	0.95	0.95
1117	TRAP1	-0.09	1.433	0.95	0.95	0.95
1118	ELAVL3	0.062	1.012	0.951	0.951	0.951
1119	ADH1A	0.087	1.436	0.952	0.952	0.952
1120	C14orf166B	0.087	1.436	0.952	0.952	0.952
1121	CCDC58	0.086	1.428	0.952	0.952	0.952
1122	B3GALTL	0.084	1.423	0.953	0.953	0.953
1123	KIAA1551	-0.084	1.425	0.953	0.953	0.953
1124	MS4A2	-0.06	1.009	0.953	0.953	0.953
1125	PCNXL4	0.084	1.422	0.953	0.953	0.953
1126	UEVLD	-0.089	1.522	0.953	0.953	0.953
1127	MSH4	0.082	1.424	0.954	0.954	0.954
1128	LIG3	-0.081	1.425	0.955	0.955	0.955
1129	LINC00935	0.033	0.588	0.955	0.955	0.955
1130	MBP	0.081	1.424	0.955	0.955	0.955
1131	ZNF461	-0.08	1.421	0.955	0.955	0.955
1132	GBA3	-0.008	0.141	0.956	0.956	0.956
1133	MAP3K6	-0.079	1.423	0.956	0.956	0.956
1134	MGME1	-0.078	1.423	0.956	0.956	0.956
1135	ALDH3B1	0.005	0.102	0.957	0.957	0.957
1136	ATP2C2	-0.044	0.828	0.957	0.957	0.957
1137	CD109	0.054	1.007	0.957	0.957	0.957
1138	CHRNA6	0.077	1.422	0.957	0.957	0.957
1139	MYH1	0.077	1.422	0.957	0.957	0.957
1140	SLFN13	-0.012	0.222	0.957	0.957	0.957
1141	ZNF547	-0.077	1.441	0.957	0.957	0.957
1142	DIS3	-0.075	1.43	0.958	0.958	0.958
1143	PRDM7	-0.075	1.423	0.958	0.958	0.958
1144	TAS2R8	0.027	0.51	0.958	0.958	0.958
1145	ZNF776	0.076	1.425	0.958	0.958	0.958
1146	CEP192	-0.037	0.716	0.959	0.959	0.959
1147	SLC38A3	-0.008	0.152	0.959	0.959	0.959
1148	CD36	0.071	1.425	0.96	0.96	0.96
1149	DMGDH	0.05	1.008	0.96	0.96	0.96
1150	ITFG3	-0.072	1.423	0.96	0.96	0.96
1151	ABCC12	0.017	0.351	0.961	0.961	0.961
1152	FARSB	-0.07	1.425	0.961	0.961	0.961
1153	CASC5	-0.068	1.421	0.962	0.962	0.962
1154	IGIP	0.069	1.42	0.962	0.962	0.961
1155	ITSN2	-0.047	1.007	0.962	0.962	0.962
1156	AC073343.1	-0.01	0.22	0.963	0.963	0.963
1157	C1QA	0.066	1.421	0.963	0.963	0.963
1158	CAMK1	0.066	1.428	0.963	0.963	0.963
1159	GBAS	-0.067	1.426	0.963	0.963	0.963
1160	HAUS3	-0.066	1.43	0.963	0.963	0.963
1161	MRPS15	0.065	1.42	0.963	0.963	0.963
1162	SLC25A24	0.066	1.426	0.963	0.963	0.963
1163	UBQLN3	-0.065	1.427	0.963	0.963	0.963
1164	MOB3C	-0.006	0.128	0.964	0.964	0.964
1165	RP11-10J21.3	0.037	0.825	0.964	0.964	0.964
1166	UNC93B1	-0.004	0.097	0.964	0.964	0.964
1167	ZNF138	0.033	0.713	0.964	0.964	0.964
1168	CYP4F12	0.063	1.428	0.965	0.965	0.965
1169	SERPINA9	0.045	1.009	0.965	0.965	0.965
1170	SLC17A4	0.021	0.482	0.965	0.965	0.965
1171	ATP7B	0.061	1.423	0.966	0.966	0.966
1172	IQGAP3	0.043	1.008	0.966	0.966	0.966
1173	ZNF546	-0.043	1.008	0.966	0.966	0.966
1174	ACOT11	0.059	1.42	0.967	0.967	0.967
1175	FCRL2	-0.059	1.425	0.967	0.967	0.967
1176	L1TD1	-0.02	0.485	0.967	0.967	0.967
1177	OBSCN	0.035	0.838	0.967	0.967	0.967
1178	SCGN	-0.06	1.45	0.967	0.967	0.967
1179	SFXN4	-0.058	1.422	0.967	0.967	0.967
1180	TRAJ37	-0.021	0.505	0.967	0.967	0.967
1181	GSR	-0.057	1.422	0.968	0.968	0.968
1182	MUC17	0.057	1.428	0.968	0.968	0.968
1183	OR52N1	0.011	0.282	0.968	0.968	0.968
1184	PNLDC1	0.057	1.429	0.968	0.968	0.968
1185	TMEM144	0.041	1.008	0.968	0.968	0.968
1186	TMPRSS9	-0.057	1.422	0.968	0.968	0.968
1187	ZNF227	0.058	1.438	0.968	0.968	0.968
1188	CASP5	0.056	1.431	0.969	0.969	0.969
1189	SGSH	0.056	1.428	0.969	0.969	0.969
1190	CLCA4	0.038	1.008	0.97	0.97	0.97
1191	DLEC1	-0.053	1.421	0.97	0.97	0.97
1192	KCNV2	-0.054	1.42	0.97	0.97	0.97
1193	LILRA5	-0.054	1.419	0.97	0.97	0.97
1194	PLB1	0.038	1.008	0.97	0.97	0.97
1195	RYR1	0.054	1.423	0.97	0.97	0.97
1196	TPTE2	0.053	1.419	0.97	0.97	0.97
1197	TRIM63	0.054	1.421	0.97	0.97	0.97
1198	ZNF226	0.054	1.422	0.97	0.97	0.97
1199	ZNF587	0.054	1.424	0.97	0.97	0.97
1200	ACSM1	0.052	1.426	0.971	0.971	0.971
1201	BTN2A3P	-0.052	1.42	0.971	0.971	0.971
1202	CMYA5	0.052	1.419	0.971	0.971	0.971
1203	ERCC6	0.052	1.423	0.971	0.971	0.971
1204	ESF1	-0.051	1.421	0.971	0.971	0.971
1205	ESPL1	-0.051	1.42	0.971	0.971	0.971
1206	FYCO1	-0.052	1.42	0.971	0.971	0.971
1207	PSMC6	0.052	1.422	0.971	0.971	0.971
1208	REXO4	-0.052	1.419	0.971	0.971	0.971
1209	RPF2	0.036	1.005	0.971	0.971	0.971
1210	SLC22A5	-0.052	1.42	0.971	0.971	0.971
1211	ZNF727	0.018	0.51	0.971	0.971	0.971
1212	ZNF749	-0.018	0.508	0.971	0.971	0.971
1213	CCDC121	0.021	0.586	0.972	0.972	0.972
1214	LARP1B	-0.051	1.426	0.972	0.972	0.972
1215	MN1	0.049	1.422	0.972	0.972	0.972
1216	MROH8	-0.049	1.419	0.972	0.972	0.972
1217	MTIF2	0.049	1.42	0.972	0.972	0.972
1218	PSTPIP1	-0.05	1.42	0.972	0.972	0.972
1219	RETSAT	0.035	1.005	0.972	0.972	0.972
1220	SERPINB3	0.025	0.711	0.972	0.972	0.972
1221	SPEF2	-0.05	1.42	0.972	0.972	0.972
1222	TMEM54	-0.05	1.429	0.972	0.972	0.972
1223	TRGV11	0.008	0.23	0.972	0.972	0.972
1224	TXNRD3NB	-0.05	1.421	0.972	0.972	0.972
1225	ZNF28	0.025	0.722	0.972	0.972	0.972
1226	ABCA13	0.047	1.418	0.973	0.973	0.973
1227	C14orf183	0.047	1.422	0.973	0.973	0.973
1228	IFI44L	0.028	0.824	0.973	0.973	0.973
1229	LRIT2	-0.05	1.484	0.973	0.973	0.973
1230	PSKH2	-0.048	1.42	0.973	0.973	0.973
1231	AGR3	-0.047	1.419	0.974	0.974	0.974
1232	ALDH8A1	0.047	1.42	0.974	0.974	0.974
1233	CNTNAP4	0.016	0.504	0.974	0.974	0.974
1234	PON2	-0.046	1.42	0.974	0.974	0.974
1235	TRBV6-8	-0.046	1.42	0.974	0.974	0.974
1236	GOSR1	0.045	1.423	0.975	0.975	0.975
1237	GPR113	0.031	1.006	0.975	0.975	0.975
1238	NCAM1	-0.007	0.24	0.975	0.975	0.975
1239	NUP62CL	0.045	1.418	0.975	0.975	0.975
1240	RNPC3	-0.044	1.419	0.975	0.975	0.975
1241	ASCC1	-0.019	0.641	0.976	0.976	0.976
1242	CCDC87	-0.043	1.419	0.976	0.976	0.976
1243	FANK1	-0.043	1.419	0.976	0.976	0.976
1244	FBN3	-0.043	1.422	0.976	0.976	0.976
1245	PRRC2C	-0.024	0.823	0.976	0.976	0.976
1246	ABCA8	-0.029	1.01	0.977	0.977	0.977
1247	CAPS2	0.024	0.824	0.977	0.977	0.977
1248	CEP89	-0.011	0.373	0.977	0.977	0.977
1249	CHD1L	0.041	1.427	0.977	0.977	0.977
1250	CXorf22	-0.029	1.006	0.977	0.977	0.977
1251	KLF17	-0.041	1.421	0.977	0.977	0.977
1252	KRTAP1-1	-0.041	1.422	0.977	0.977	0.977
1253	LRWD1	-0.041	1.418	0.977	0.977	0.977
1254	OR7C2	0.041	1.424	0.977	0.977	0.977
1255	PEX12	-0.041	1.431	0.977	0.977	0.977
1256	SFXN2	0.029	1.005	0.977	0.977	0.977
1257	SMCO1	0.041	1.425	0.977	0.977	0.977
1258	SPANXN4	0.01	0.348	0.977	0.977	0.977
1259	STARD4	0.041	1.419	0.977	0.977	0.977
1260	TRBV6-6	0.041	1.418	0.977	0.977	0.977
1261	CCDC102B	0.038	1.421	0.978	0.978	0.978
1262	GZMA	0.039	1.418	0.978	0.978	0.978
1263	HSF2BP	0.04	1.42	0.978	0.978	0.978
1264	INADL	-0.039	1.435	0.978	0.978	0.978
1265	KIAA1614	-0.039	1.42	0.978	0.978	0.978
1266	LIPT1	0.039	1.42	0.978	0.978	0.978
1267	MPDZ	0.04	1.43	0.978	0.978	0.978
1268	MS4A18	0.039	1.418	0.978	0.978	0.978
1269	NHSL1	0.04	1.423	0.978	0.978	0.978
1270	OR6F1	-0.039	1.428	0.978	0.978	0.978
1271	OR8J3	0.039	1.418	0.978	0.978	0.978
1272	XIRP1	-0.038	1.423	0.978	0.978	0.978
1273	CELSR1	-0.027	1.007	0.979	0.979	0.979
1274	DDX58	0.037	1.424	0.979	0.979	0.979
1275	FAM211B	0.038	1.418	0.979	0.979	0.979
1276	KIRREL2	-0.026	1.007	0.979	0.979	0.979
1277	OR2G6	0.037	1.42	0.979	0.979	0.979
1278	OR6K2	0.013	0.505	0.979	0.979	0.979
1279	RSL1D1	0.037	1.437	0.979	0.979	0.979
1280	TIAM2	0.037	1.421	0.979	0.979	0.979
1281	XRCC1	0.038	1.428	0.979	0.979	0.979
1282	CAPN2	0.021	0.824	0.98	0.98	0.98
1283	FAM117B	-0.036	1.418	0.98	0.98	0.98
1284	GTF2IRD2	-0.036	1.423	0.98	0.98	0.98
1285	KATNA1	0.036	1.424	0.98	0.98	0.98
1286	KRT222	-0.037	1.423	0.98	0.98	0.98
1287	KRTAP27-1	0.025	1.014	0.98	0.98	0.98
1288	LONP2	-0.035	1.421	0.98	0.98	0.98
1289	PSORS1C1	-0.036	1.42	0.98	0.98	0.98
1290	TP53AIP1	-0.026	1.006	0.98	0.98	0.98
1291	ZFP69	-0.036	1.426	0.98	0.98	0.98
1292	AC009365.3	-0.024	1.005	0.981	0.981	0.981
1293	ALPK2	-0.02	0.823	0.981	0.981	0.981
1294	EME1	-0.034	1.423	0.981	0.981	0.981
1295	GBP7	0.033	1.421	0.981	0.981	0.981
1296	MICAL1	-0.033	1.419	0.981	0.981	0.981
1297	PRIMPOL	0.035	1.419	0.981	0.981	0.981
1298	SLC16A4	-0.035	1.419	0.981	0.981	0.981
1299	CLDN17	-0.031	1.42	0.982	0.982	0.982
1300	CTC-490E21.13	-0.032	1.421	0.982	0.982	0.982
1301	EIF2AK4	-0.032	1.42	0.982	0.982	0.982
1302	MRPL47	-0.031	1.418	0.982	0.982	0.982
1303	TPRN	0.033	1.428	0.982	0.982	0.982
1304	C10orf128	-0.018	0.824	0.983	0.983	0.983
1305	CCDC113	-0.031	1.428	0.983	0.983	0.983
1306	COL4A3	0.03	1.423	0.983	0.983	0.983
1307	GEN1	-0.005	0.225	0.983	0.983	0.983
1308	GRAMD1A	0.03	1.419	0.983	0.983	0.983
1309	NUP214	-0.031	1.426	0.983	0.983	0.983
1310	SYTL3	-0.018	0.823	0.983	0.983	0.983
1311	ZNF569	0.03	1.419	0.983	0.983	0.983
1312	ZNF714	-0.03	1.423	0.983	0.983	0.983
1313	ZNF83	-0.031	1.422	0.983	0.983	0.983
1314	BANK1	-0.029	1.423	0.984	0.984	0.984
1315	C18orf21	-0.028	1.42	0.984	0.984	0.984
1316	CEP128	-0.029	1.42	0.984	0.984	0.984
1317	FHAD1	-0.029	1.421	0.984	0.984	0.984
1318	GPR150	-0.029	1.418	0.984	0.984	0.984
1319	HIVEP3	-0.029	1.418	0.984	0.984	0.984
1320	MX1	0.028	1.422	0.984	0.984	0.984
1321	OLFML3	-0.029	1.423	0.984	0.984	0.984
1322	RAD51D	0.029	1.419	0.984	0.984	0.984
1323	TBX10	-0.028	1.419	0.984	0.984	0.984
1324	WFDC2	-0.029	1.419	0.984	0.984	0.984
1325	ZNF440	0.02	1.007	0.984	0.984	0.984
1326	CHMP4A	-0.026	1.421	0.985	0.985	0.985
1327	DPPA4	0.012	0.641	0.985	0.985	0.985
1328	KDELC2	0.026	1.418	0.985	0.985	0.985
1329	OXGR1	-0.027	1.5	0.985	0.985	0.985
1330	PRAMEF11	0.027	1.419	0.985	0.985	0.985
1331	RAD51AP2	-0.015	0.823	0.985	0.985	0.985
1332	SDR39U1	0.018	1.007	0.985	0.985	0.985
1333	COX15	-0.025	1.42	0.986	0.986	0.986
1334	EXOC3L1	-0.018	1.013	0.986	0.986	0.986
1335	MTMR11	-0.018	1.013	0.986	0.986	0.986
1336	C11orf63	-0.023	1.421	0.987	0.987	0.987
1337	CCDC74B	-0.023	1.445	0.987	0.987	0.987
1338	KALRN	0.022	1.422	0.987	0.987	0.987
1339	MMP27	-0.023	1.42	0.987	0.987	0.987
1340	OR4D10	0.014	0.826	0.987	0.987	0.987
1341	PCDHA3	0.012	0.714	0.987	0.987	0.987
1342	PLEKHA1	0.023	1.42	0.987	0.987	0.987
1343	SUZ12	0.022	1.418	0.987	0.987	0.987
1344	TRPV4	0.023	1.418	0.987	0.987	0.987
1345	ZNF790	0.024	1.434	0.987	0.987	0.987
1346	AC002472.13	-0.021	1.42	0.988	0.988	0.988
1347	BOD1L1	-0.022	1.419	0.988	0.988	0.988
1348	GLB1L3	0.021	1.418	0.988	0.988	0.988
1349	NIT1	-0.021	1.419	0.988	0.988	0.988
1350	OR4M1	0.021	1.42	0.988	0.988	0.988
1351	SETD6	0.021	1.424	0.988	0.988	0.988
1352	SLC27A6	0.021	1.418	0.988	0.988	0.988
1353	TMEM232	0.016	1.048	0.988	0.988	0.988
1354	ADH1C	-0.003	0.22	0.989	0.989	0.989
1355	FCHSD1	-0.019	1.421	0.989	0.989	0.989
1356	NEBL	-0.02	1.419	0.989	0.989	0.989
1357	OR5T3	-0.02	1.421	0.989	0.989	0.989
1358	S100A3	-0.009	0.641	0.989	0.989	0.989
1359	ZNF16	-0.019	1.419	0.989	0.989	0.989
1360	ZNF677	0.013	1.007	0.989	0.989	0.989
1361	HABP2	-0.017	1.418	0.99	0.99	0.99
1362	KCNJ16	0.018	1.419	0.99	0.99	0.99
1363	LMAN1L	0.01	0.827	0.99	0.99	0.99
1364	NOD2	-0.006	0.459	0.99	0.99	0.99
1365	PTPLAD2	-0.017	1.42	0.99	0.99	0.99
1366	TCHH	-0.018	1.42	0.99	0.99	0.99
1367	WRAP53	-0.018	1.421	0.99	0.99	0.99
1368	ZNF318	-0.018	1.419	0.99	0.99	0.99
1369	DNHD1	-0.008	0.642	0.991	0.991	0.991
1370	HIST1H2BE	0.016	1.418	0.991	0.991	0.991
1371	PCDHB11	0.009	0.822	0.991	0.991	0.991
1372	PGAP1	-0.017	1.457	0.991	0.991	0.991
1373	PTPRH	-0.016	1.42	0.991	0.991	0.991
1374	SLC11A2	0.015	1.429	0.991	0.991	0.991
1375	TPP1	-0.016	1.419	0.991	0.991	0.991
1376	ADAMTS7	-0.014	1.42	0.992	0.992	0.992
1377	CD1B	0.014	1.418	0.992	0.992	0.992
1378	DHCR7	0.014	1.42	0.992	0.992	0.992
1379	GRAMD3	0.015	1.419	0.992	0.992	0.992
1380	LCN6	-0.015	1.419	0.992	0.992	0.992
1381	QPCT	-0.015	1.423	0.992	0.992	0.992
1382	SLC30A6	0.006	0.643	0.992	0.992	0.992
1383	TOM1L1	0.014	1.423	0.992	0.992	0.992
1384	C10orf71	-0.013	1.418	0.993	0.993	0.993
1385	C4orf40	-0.005	0.584	0.993	0.993	0.993
1386	CPXM1	-0.013	1.418	0.993	0.993	0.993
1387	ERCC3	0.012	1.425	0.993	0.993	0.993
1388	PLA1A	-0.013	1.418	0.993	0.993	0.993
1389	PON3	0.012	1.42	0.993	0.993	0.993
1390	PRKRA	0.009	1.011	0.993	0.993	0.993
1391	SERPINA3	-0.013	1.422	0.993	0.993	0.993
1392	UPK3A	-0.008	1.007	0.993	0.993	0.993
1393	ZNF555	0.012	1.418	0.993	0.993	0.993
1394	ASTE1	0.01	1.423	0.994	0.994	0.994
1395	CCDC63	0.01	1.423	0.994	0.994	0.994
1396	CEP112	-0.01	1.42	0.994	0.994	0.994
1397	CTAGE6	-0.003	0.42	0.994	0.994	0.994
1398	ECHDC2	-0.006	0.823	0.994	0.994	0.994
1399	KRTAP24-1	-0.007	1.006	0.994	0.994	0.994
1400	OGFOD3	0.007	1.007	0.994	0.994	0.994
1401	RNPEP	-0.011	1.419	0.994	0.994	0.994
1402	ZNF568	0.001	0.127	0.994	0.994	0.994
1403	CARD9	-0.009	1.427	0.995	0.995	0.995
1404	CLK4	-0.008	1.424	0.995	0.995	0.995
1405	EFHB	-0.01	1.419	0.995	0.995	0.995
1406	MARS	0.004	0.64	0.995	0.995	0.995
1407	MMAA	0.009	1.419	0.995	0.995	0.995
1408	MYBPHL	0.006	1.005	0.995	0.995	0.995
1409	RHNO1	0.01	1.42	0.995	0.995	0.995
1410	WNT10A	0.009	1.42	0.995	0.995	0.995
1411	AHI1	-0.008	1.423	0.996	0.996	0.996
1412	AZU1	0.005	1.009	0.996	0.996	0.996
1413	GRAMD2	-0.004	1.009	0.996	0.996	0.996
1414	IGHG4	-0.007	1.42	0.996	0.996	0.996
1415	MSS51	-0.007	1.42	0.996	0.996	0.996
1416	MTFR2	0.007	1.419	0.996	0.996	0.996
1417	NUGGC	-0.007	1.422	0.996	0.996	0.996
1418	POLM	-0.008	1.423	0.996	0.996	0.996
1419	ZNF211	0.001	0.127	0.996	0.996	0.996
1420	ARHGEF37	-0.003	0.717	0.997	0.997	0.997
1421	BAZ2A	-0.005	1.418	0.997	0.997	0.997
1422	C1QTNF5	0.006	1.431	0.997	0.997	0.997
1423	CXCL6	-0.003	0.714	0.997	0.997	0.997
1424	ERAP2	0.005	1.419	0.997	0.997	0.997
1425	GIMAP5	-0.004	1.42	0.997	0.997	0.997
1426	GINS4	-0.006	1.418	0.997	0.997	0.997
1427	GPR123	0.005	1.42	0.997	0.997	0.997
1428	TTC6	0.006	1.424	0.997	0.997	0.997
1429	ANKRD18B	0.003	1.422	0.998	0.998	0.998
1430	C11orf54	-0.004	1.428	0.998	0.998	0.998
1431	C2orf70	-0.003	1.42	0.998	0.998	0.998
1432	CASC1	-0.003	1.433	0.998	0.998	0.998
1433	LAMB3	0.004	1.422	0.998	0.998	0.998
1434	MUC16	-0.003	1.421	0.998	0.998	0.998
1435	PTGR1	0.004	1.417	0.998	0.998	0.998
1436	ROPN1L	-0.003	1.423	0.998	0.998	0.998
1437	DCLRE1A	-0.002	0.823	0.999	0.999	0.999
1438	MAP3K15	0.001	0.641	0.999	0.999	0.999
1439	NINL	0.002	1.421	0.999	0.999	0.999
1440	PDE6A	-0.002	1.419	0.999	0.999	0.999
1441	TMED3	-0.001	1.419	0.999	0.999	0.999
1442	AP000244.1	0	0.135	1	1	1
1443	CD207	0	0.709	1	1	1
1444	DTYMK	0.001	1.423	1	1	1
1445	LDHAL6A	-0.001	1.006	1	1	1
1446	OR10V1	0	0.715	1	1	1
1447	SCAMP1	0	0.21	1	1	1
